607368
607561
607562
607563
607830
607831
607832
607833
607834
607835
608077
608108
608230
608232
608253
608254
608255
608256
608257
608258
608276
608281
608282
608283
608330
608393
608394
608657
608661
608663
608668
608710
608711
608712
608719
609165
609474
609476
609491
609492
609498
609577
609582
609583
609637
609646
609669
612316
613065
613143
613597
619400
622887
622891
623542
623545
623569
623575
623576
623581
623582
623587
623588
623605
623646
623647
623648
624244
624659
624660
624661
624662
624663
624664
624778
624786
625043
625044
625299
625300
625380
625381
625992
626065
626130
626169
626396
626397
626398
626399
626400
626401
626416
626418
626419
626420
626421
626422
626423
626460
626461
626462
626463
626466
626467
626468
626506
626577
626983
626987
627254
627735
628032
629594
630783
631342
631983
631984
631985
632033
632034
632036
632039
632080
632081
632221
632222
632223
632224
632225
632226
632227
632228
632229
632230
632483
633029
634063
634215
634217
634218
634219
634253
634254
634255
634256
634302
634303
635243
636890
638224
638225
638226
638227
638228
638229
638481
638641
638790
638979
639155
639160
639326
639333
639338
639339
639390
639503
639804
639811
640118
640631
641555
641967
642608
642610
642740
642769
642867
643017
643018
643019
643024
643030
643031
643032
643033
643034
643035
643036
643037
643038
643039
643040
643041
643042
643043
643044
643045
643046
643047
643048
643049
643050
643118
643120
643121
643122
643123
643124
643125
643126
643127
643128
643129
643130
643131
643132
643133
643134
643135
643136
643137
643138
643139
643140
643141
643142
643143
643144
643145
643146
643147
643148
643149
643150
643151
643152
643153
643164
643166
643167
643168
643169
643170
643171
643172
643173
643174
643175
643176
643177
643178
643180
643182
643184
643234

257

WAITING
JOBID
================================================================================
597192
597197
600021
601137
608367
623607
623608
623609
634306
635884
636136
636137
636139
636361
636616
637111
637146
637149
637412
637463
637475
637490
637568
637621
637637
637713
637732
637733
638136
638166
638178
638190
638192
638206
638249
638468
638469
638470
638471
638472
638473
638474
638475
638476
638477
638478
638479
638480
638482
638504
638505
638506
638507
638508
638509
638510
638511
638512
638513
638514
638515
638516
638517
638518
638519
638520
638525
638526
638527
638528
638529
638530
638531
638532
638533
638534
638535
638536
638537
638538
638539
638540
638541
638542
638543
638544
638545
638546
638547
638548
638549
638550
638551
638552
638553
638554
638555
638556
638557
638558
638559
638560
638561
638562
638563
638564
638565
638566
638580
638592
638595
638598
638601
638602
638609
638634
638635
638637
638654
638655
638656
638658
638659
638660
638662
638663
638664
638665
638666
638668
638669
638670
638671
638672
638673
638674
638680
638681
638683
638684
638685
638687
638689
638690
638691
638693
638694
638695
638696
638697
638699
638701
638704
638705
638706
638707
638708
638709
638710
638711
638712
638713
638714
638715
638716
638717
638718
638719
638720
638721
638724
638726
638727
638728
638729
638746
638747
638749
638750
638752
638754
638756
638757
638761
638763
638770
638788
638798
638799
638800
638801
638802
638803
638804
638877
638879
638880
638881
638882
638883
638884
638885
638886
638887
638888
638889
638890
638891
638892
638893
638894
638895
638896
638897
638898
638899
638900
638901
638902
638903
638904
638905
638906
638907
638908
638909
638910
638911
638912
638913
638914
638915
638916
638917
638918
638919
638920
638921
638922
638923
638924
638925
638926
638927
638928
638929
638930
638931
638932
638933
638934
638935
638936
638937
638938
638939
638940
638941
638942
638943
638944
638945
638946
638947
638948
638949
638950
638951
638952
638953
638959
638962
638977
638982
638997
639004
639005
639006
639007
639008
639009
639010
639039
639040
639041
639042
639056
639058
639059
639060
639061
639063
639064
639066
639067
639068
639070
639071
639072
639073
639076
639149
639150
639151
639152
639153
639154
639156
639157
639158
639159
639175
639188
639205
639209
639210
639211
639212
639213
639214
639215
639216
639217
639218
639219
639220
639221
639222
639274
639276
639299
639320
639332
639340
639344
639345
639350
639351
639352
639353
639357
639358
639361
639362
639363
639364
639365
639366
639367
639368
639369
639370
639371
639372
639373
639374
639375
639376
639377
639378
639379
639380
639381
639382
639383
639384
639392
639396
639400
639401
639402
639403
639404
639405
639406
639407
639408
639409
639411
639412
639413
639414
639415
639416
639417
639418
639419
639420
639422
639423
639424
639425
639426
639427
639428
639429
639430
639431
639432
639433
639434
639435
639436
639437
639438
639439
639440
639441
639442
639443
639444
639445
639446
639447
639448
639449
639450
639451
639452
639453
639454
639455
639456
639457
639458
639459
639460
639461
639463
639464
639466
639467
639474
639479
639481
639491
639495
639501
639502
639505
639506
639509
639510
639511
639512
639513
639514
639515
639516
639517
639518
639519
639520
639521
639522
639523
639524
639525
639526
639527
639528
639529
639530
639531
639532
639533
639534
639535
639536
639537
639538
639539
639540
639541
639542
639543
639544
639545
639546
639547
639548
639549
639550
639551
639552
639553
639554
639555
639556
639557
639558
639559
639560
639561
639562
639563
639564
639565
639566
639567
639568
639569
639570
639571
639572
639573
639574
639575
639576
639577
639578
639579
639580
639581
639582
639583
639584
639585
639586
639587
639588
639589
639590
639591
639592
639593
639594
639595
639596
639597
639598
639599
639600
639601
639602
639603
639604
639605
639606
639607
639608
639609
639610
639611
639612
639613
639614
639615
639616
639617
639618
639619
639620
639621
639622
639623
639624
639625
639626
639627
639628
639629
639630
639631
639632
639633
639634
639635
639636
639637
639638
639639
639640
639641
639642
639643
639644
639645
639646
639647
639648
639649
639650
639651
639652
639653
639654
639655
639656
639657
639658
639659
639660
639661
639662
639663
639664
639665
639666
639667
639668
639669
639670
639671
639672
639673
639674
639675
639676
639677
639678
639679
639680
639681
639682
639683
639684
639685
639686
639687
639688
639689
639690
639691
639692
639693
639694
639695
639696
639697
639698
639699
639700
639701
639702
639704
639705
639706
639707
639708
639710
639711
639717
639721
639722
639724
639726
639729
639732
639735
639739
639743
639745
639756
639758
639759
639760
639761
639762
639764
639765
639774
639777
639780
639788
639798
639800
639801
639802
639805
639810
639829
639830
639831
639832
639833
639834
639835
639836
639837
639838
639839
639840
639841
639842
639843
639844
639845
639846
639847
639848
639849
639850
639851
639852
639853
639854
639855
639857
639858
639859
639860
639861
639862
639863
639864
639865
639866
639867
639868
639869
639870
639871
639872
639873
639874
639875
639876
639877
639878
639879
639880
639881
639882
639883
639884
639885
639886
639887
639888
639889
639890
639891
639892
639893
639894
639895
639896
639897
639898
639899
639900
639901
639902
639903
639904
639905
639906
639907
639908
639909
639910
639911
639912
639913
639914
639915
639916
639917
639918
639919
639920
639921
639922
639923
639924
639925
639926
639927
639928
639929
639930
639931
639932
639933
639934
639935
639936
639937
639938
639939
639940
639941
639942
639943
639944
639945
639946
639947
639948
639949
639950
639951
639952
639953
639954
639955
639956
639957
639958
639960
639961
639962
639963
639964
639965
639966
639967
639968
639969
639974
639977
639978
639979
639981
639985
639986
639987
639988
639989
639990
639991
639992
639993
639994
639995
639996
639997
639998
639999
640000
640001
640002
640003
640004
640005
640006
640007
640008
640011
640012
640013
640014
640015
640016
640017
640018
640019
640020
640021
640022
640023
640024
640025
640026
640027
640028
640029
640030
640031
640032
640033
640034
640035
640036
640037
640038
640039
640040
640041
640042
640043
640044
640045
640046
640047
640048
640049
640050
640051
640052
640053
640054
640055
640056
640057
640058
640059
640060
640061
640062
640063
640064
640065
640066
640067
640068
640069
640070
640071
640072
640073
640074
640075
640076
640077
640079
640080
640081
640082
640084
640085
640086
640087
640089
640093
640094
640097
640099
640102
640108
640110
640111
640112
640113
640114
640116
640121
640122
640123
640124
640125
640130
640134
640138
640140
640141
640144
640145
640155
640158
640159
640160
640161
640411
640466
641151
641158
641170
641199
641337
641375
641462
641463
641464
641491
641492
641493
641627
641628
641629
641630
641631
641632
641633
641634
641663
641725
641726
641727
641728
641729
641745
641747
641748
641752
641777
641802
641803
641804
641805
641806
641807
641808
641833
641834
641835
641836
641837
641838
641839
641840
641841
641861
641863
641864
641865
641866
641867
641868
641869
641870
641871
641872
641873
641874
641875
641876
641877
641878
641879
641880
641886
641891
641914
641915
641916
641917
641918
641919
641920
641921
641922
641923
641924
641925
641926
641943
641944
641945
641946
641947
641948
642038
642040
642041
642042
642043
642062
642103
642104
642105
642188
642190
642332
642333
642371
642372
642373
642374
642375
642377
642381
642382
642383
642384
642386
642387
642388
642389
642390
642411
642412
642413
642414
642594
642595
642605
642651
642652
642739
642742
642743
642744
642745
642747
642749
642765
642766
642767
642768
642800
642801
642802
642803
642804
642805
642806
642807
642808
642809
642810
642811
642812
642813
642814
642815
642816
642817
642818
642819
642820
642821
642822
642823
642824
642825
642834
642836
642838
642839
642841
642842
642843
642844
642845
642846
642847
642848
642849
642850
642851
642852
642853
642854
642855
642856
642857
642858
642859
642860
642861
642862
642863
642903
642904
642905
642952
642953
642970
642972
642973
642975
642978
642981
642985
643051
643052
643053
643054
643055
643056
643057
643058
643059
643060
643061
643062
643063
643064
643065
643066
643067
643068
643069
643070
643071
643072
643073
643074
643075
643076
643077
643078
643079
643080
643081
643082
643083
643084
643085
643086
643087
643088
643089
643090
643091
643092
643093
643094
643095
643096
643097
643098
643099
643100
643101
643102
643103
643104
643105
643106
643107
643108
643109
643110
643111
643112
643113
643114
643115
643116
643117
643119
643155
643156
643157
643158
643159
643160
643161
643162
643163
643165
643233
643297

BLOCKED
JOBID
================================================================================
471144
536591
550901
569873
569891
597198
600022
600023
600024
600025
600026
600027
600028
600029
600030
600031
600032
600033
600034
600035
600036
600037
600038
600039
600040
600041
600042
600043
600044
600045
600046
600047
600048
600049
600050
600051
600052
600053
600054
600055
600056
600057
600058
600059
600060
600061
600062
600063
600064
600065
600066
600067
600068
600069
600070
600071
600072
600073
600074
600075
600076
600077
600078
600079
600080
600081
600082
600083
600084
600085
600086
600087
600088
600089
600090
600091
600092
600093
600094
600095
600096
600097
600098
600099
600100
600101
600102
600103
600104
600105
600106
600107
600108
600109
600110
600111
600112
600113
600114
600115
600116
600117
600118
600119
600120
600121
600122
600123
600124
600125
600126
600127
600128
600129
600130
600131
600132
600133
600134
600135
600136
600137
600138
600139
600140
600141
600142
600143
600144
600145
600146
600147
600148
600149
600150
600151
600152
600153
600154
600155
600156
600157
600158
600159
600160
600161
600162
600163
600164
600165
600166
600167
600168
600169
600170
600171
600172
600173
600174
600175
600176
600177
600178
600179
600180
600181
600182
600183
600184
600185
600186
600187
600188
600189
600190
600191
600192
600193
600194
600195
600196
600197
600198
600199
608109
608368
608369
608370
608371
623456
623543
624781
624784
624789
624792
626024
626025
626026
626028
626030
626050
626059
626060
626063
626064
626068
626079
626080
626081
626082
626083
626084
626086
626096
626108
626131
626132
626133
626134
626135
626137
626141
626159
626167
626168
626170
626172
626173
626174
626175
626176
626181
626194
626205
626207
626507
626508
626509
626510
626578
626579
626580
626581
637883
638124
638133
638774
638791
638794
639277
639486
639757
640098
640103
640433
642237
642614
642615
642616
642826
642864
643154
643179
643181
643183
643185
643186
643187
643188
643189
643190
643191
643192
643193
643194
643195
643196
643197
643198
643199
643200
643201
643202
643203
643204
643205
643206
643207
643208
643209
643210
643211
643212
643213
643214
643215
643216
643217
643218
643219
643220
643221
643222
643223
643224
643225
643226
643227
643228
643229
643230
643231
643232
643235
643236
643237
643238
643239
643240
643241
643242
643243
643244
643245
643246
643247
643248
643249
643250
643251
643252
643253
643254
643255
643256
643257
643258
643259
643260
643261
643262
643263
643264
643265
643266
643267
643268
643269
643270
643271
643272
643273
643274
643275
643276
643277
643278
643279
643280
643281
643282
643283
643284
643285
643286
643287
643288
643289
643290
643291
643292
643293
643294
643295
643296

COMPLETING/ERRORED
JOBID
================================================================================
639330
643020
643021
643022
643023
643025
643026
643027
643028
643029
148334
150002
151039
153335
153652
155986
156001
156013
158541
161168
164782
167748
168742
169126
169631
170457
174496
176665
177377
179466
179550
181698
181903
183537
184631
184633
184666
188407
188410
189369
197284
202545
204971
205935
205940
205942
210475
215523
215949
217161
226759
227757
227763
228304
228307
233584
235641
246037
246039
246041
246046
246048
246050
251973
255018
392021
392130
403104
403107
403109
430595
439887
440936
449065
456387
457966
459653
460779
460793
464317
470961
471955
473730
473736
473969
556472
592289
606645
609186
628076
